{
 "cells": [
  {
   "cell_type": "code",
   "execution_count": 1,
   "metadata": {},
   "outputs": [],
   "source": [
    "import json\n",
    "import numpy as np\n",
    "\n",
    "def load_json(filepath):\n",
    "    with open(filepath, 'r') as f:\n",
    "        data = json.load(f)\n",
    "    return data ## I'll make this loop through but for now\n",
    "\n",
    "def extract_joint_positions(json_data):\n",
    "    positions = []\n",
    "    for frame in json_data['tracking']:\n",
    "        player_data = frame['data']['player']\n",
    "        \n",
    "        r_shoulder = np.array(player_data['R_SHOULDER'])\n",
    "        r_elbow = np.array(player_data['R_ELBOW'])\n",
    "        r_wrist = np.array(player_data['R_WRIST'])\n",
    "\n",
    "        positions.append((r_shoulder, r_elbow, r_wrist)) ## Should probably save this as a np.array but this works for now\n",
    "    \n",
    "    return positions\n",
    "\n",
    "def calculate_limb_vectors(ith_position):\n",
    "    r_shoulder, r_elbow, r_wrist = ith_position\n",
    "    upper_arm_vector =  r_elbow - r_shoulder\n",
    "    forearm_vector = r_wrist - r_elbow\n",
    "    return upper_arm_vector, forearm_vector\n",
    "\n",
    "def frame_to_rotation(positions):\n",
    "\n",
    "    prev_upper_arm, prev_forearm = calculate_limb_vectors(positions[0])  #initing the prev variable\n",
    "    prev_upper_arm, prev_forearm = prev_upper_arm / np.linalg.norm(prev_upper_arm), prev_forearm / np.linalg.norm(prev_forearm)\n",
    "\n",
    "    rot_matrices = []\n",
    "    for i in range(1, len(positions)):\n",
    "        upper_arm, forearm = calculate_limb_vectors(positions[i])\n",
    "        \n",
    "        forearm = forearm / np.linalg.norm(forearm)\n",
    "        upper_arm = upper_arm / np.linalg.norm(upper_arm)\n",
    "        \n",
    "        upper_arm_cross_prod = np.cross(prev_upper_arm, upper_arm )\n",
    "        upper_arm_cos = np.dot(prev_upper_arm, upper_arm)\n",
    "        upper_arm_sin = np.linalg.norm(upper_arm_cross_prod)\n",
    "\n",
    "        upper_arm_kmat = np.array([[0, -upper_arm_cross_prod[2], upper_arm_cross_prod[1]], \n",
    "                        [upper_arm_cross_prod[2], 0, -upper_arm_cross_prod[0]], \n",
    "                        [-upper_arm_cross_prod[1], upper_arm_cross_prod[0], 0]])\n",
    "        \n",
    "        upper_arm_rotation_matrix = np.eye(3) + upper_arm_sin*upper_arm_kmat + (1-upper_arm_cos)*upper_arm_kmat.dot(upper_arm_kmat)\n",
    "\n",
    "        forearm_cross_prod = np.cross(prev_forearm, forearm)\n",
    "        forearm_cos = np.dot(prev_forearm, forearm)\n",
    "        forearm_sin = np.linalg.norm(forearm_cross_prod)\n",
    "\n",
    "        forearm_kmat = np.array([[0, -forearm_cross_prod[2], forearm_cross_prod[1]], \n",
    "                        [forearm_cross_prod[2], 0, -forearm_cross_prod[0]], \n",
    "                        [-forearm_cross_prod[1], forearm_cross_prod[0], 0]])\n",
    "        \n",
    "        forearm_rotation_matrix = np.eye(3) + forearm_sin*forearm_kmat + (1-forearm_cos)*forearm_kmat.dot(forearm_kmat)\n",
    "        rot_matrices.append((upper_arm_rotation_matrix, forearm_rotation_matrix))\n",
    "\n",
    "        prev_upper_arm, prev_forearm = upper_arm, forearm\n",
    "        \n",
    "    return rot_matrices"
   ]
  },
  {
   "cell_type": "code",
   "execution_count": 2,
   "metadata": {},
   "outputs": [],
   "source": [
    "import os\n",
    "import sys\n",
    "sys.path.append(os.path.abspath(os.path.join(os.getcwd(), \"../\")))"
   ]
  },
  {
   "cell_type": "code",
   "execution_count": 3,
   "metadata": {},
   "outputs": [
    {
     "data": {
      "text/plain": [
       "[(array([[ 1.00000000e+00,  2.57283565e-07,  1.55546502e-06],\n",
       "         [-2.57281146e-07,  1.00000000e+00, -1.55546542e-06],\n",
       "         [-1.55546542e-06,  1.55546502e-06,  1.00000000e+00]]),\n",
       "  array([[ 1.00000000e+00, -6.02672583e-07,  3.74595810e-13],\n",
       "         [ 6.02672583e-07,  1.00000000e+00, -1.24311484e-06],\n",
       "         [ 3.74595680e-13,  1.24311484e-06,  1.00000000e+00]])),\n",
       " (array([[ 1.00000000e+00,  9.82055350e-07,  5.88260647e-06],\n",
       "         [-9.82023633e-07,  1.00000000e+00, -5.39159226e-06],\n",
       "         [-5.88261176e-06,  5.39158648e-06,  1.00000000e+00]]),\n",
       "  array([[ 1.00000000e+00,  8.84127171e-15,  2.70028983e-07],\n",
       "         [ 8.84127171e-15,  1.00000000e+00, -6.54838678e-08],\n",
       "         [-2.70028983e-07,  6.54838678e-08,  1.00000000e+00]])),\n",
       " (array([[ 1.00000000e+00,  8.62736336e-07,  4.96674458e-06],\n",
       "         [-8.62724002e-07,  1.00000000e+00, -2.48337497e-06],\n",
       "         [-4.96674672e-06,  2.48337068e-06,  1.00000000e+00]]),\n",
       "  array([[ 1.00000000e+00,  8.84127171e-15, -2.70028983e-07],\n",
       "         [ 8.84127171e-15,  1.00000000e+00,  6.54838678e-08],\n",
       "         [ 2.70028983e-07, -6.54838678e-08,  1.00000000e+00]])),\n",
       " (array([[ 1.00000000e+00, -6.18403233e-08,  1.35907229e-13],\n",
       "         [ 6.18403233e-08,  1.00000000e+00, -4.39541990e-06],\n",
       "         [ 1.35907258e-13,  4.39541990e-06,  1.00000000e+00]]),\n",
       "  array([[ 1.00000000e+00,  1.32586599e-07,  1.12773096e-06],\n",
       "         [-1.32586599e-07,  1.00000000e+00, -7.47610721e-14],\n",
       "         [-1.12773096e-06, -7.47609834e-14,  1.00000000e+00]])),\n",
       " (array([[ 1.00000000e+00,  3.71001657e-07,  2.46618550e-06],\n",
       "         [-3.70989493e-07,  1.00000000e+00, -4.93237328e-06],\n",
       "         [-2.46618733e-06,  4.93237237e-06,  1.00000000e+00]]),\n",
       "  array([[ 1.00000000e+00,  1.32858383e-07,  1.13004265e-06],\n",
       "         [-1.32858383e-07,  1.00000000e+00, -7.50678413e-14],\n",
       "         [-1.13004265e-06, -7.50678413e-14,  1.00000000e+00]])),\n",
       " (array([[ 1.00000000e+00, -3.22153565e-07, -1.67887122e-06],\n",
       "         [ 3.22150205e-07,  1.00000000e+00, -2.00102369e-06],\n",
       "         [ 1.67887186e-06,  2.00102315e-06,  1.00000000e+00]]),\n",
       "  array([[ 1.00000000e+00,  5.33064207e-07,  4.53404050e-06],\n",
       "         [-5.33064207e-07,  1.00000000e+00, -1.20846876e-12],\n",
       "         [-4.53404050e-06, -1.20846870e-12,  1.00000000e+00]])),\n",
       " (array([[ 1.00000000e+00, -1.95537099e-07, -1.11649269e-06],\n",
       "         [ 1.95537099e-07,  1.00000000e+00, -1.09157931e-13],\n",
       "         [ 1.11649269e-06, -1.09157872e-13,  1.00000000e+00]]),\n",
       "  array([[ 1.00000000e+00,  7.88079859e-07,  9.91735998e-06],\n",
       "         [-7.88072043e-07,  1.00000000e+00, -7.88079859e-07],\n",
       "         [-9.91736060e-06,  7.88072043e-07,  1.00000000e+00]])),\n",
       " (array([[ 1.00000000e+00, -1.66524212e-08,  9.16090956e-15],\n",
       "         [ 1.66524212e-08,  1.00000000e+00, -1.10024926e-06],\n",
       "         [ 9.16090956e-15,  1.10024926e-06,  1.00000000e+00]]),\n",
       "  array([[ 1.00000000e+00,  6.59071501e-07,  6.95726504e-06],\n",
       "         [-6.59069208e-07,  1.00000000e+00, -3.29537470e-07],\n",
       "         [-6.95726526e-06,  3.29532885e-07,  1.00000000e+00]])),\n",
       " (array([[1., 0., 0.],\n",
       "         [0., 1., 0.],\n",
       "         [0., 0., 1.]]),\n",
       "  array([[ 1.00000000e+00,  5.90465068e-07,  5.90465719e-07],\n",
       "         [-5.90465719e-07,  1.00000000e+00,  1.10362734e-06],\n",
       "         [-5.90465068e-07, -1.10362769e-06,  1.00000000e+00]])),\n",
       " (array([[ 1.00000000e+00,  1.66524212e-08,  9.16090956e-15],\n",
       "         [-1.66524212e-08,  1.00000000e+00,  1.10024926e-06],\n",
       "         [ 9.16090956e-15, -1.10024926e-06,  1.00000000e+00]]),\n",
       "  array([[ 1.00000000e+00, -6.92432668e-07,  6.92433804e-07],\n",
       "         [ 6.92433804e-07,  1.00000000e+00, -1.64139442e-06],\n",
       "         [-6.92432668e-07,  1.64139490e-06,  1.00000000e+00]])),\n",
       " (array([[ 1.00000000e+00, -1.37679237e-08, -1.37679133e-08],\n",
       "         [ 1.37679133e-08,  1.00000000e+00, -7.50351559e-07],\n",
       "         [ 1.37679237e-08,  7.50351559e-07,  1.00000000e+00]]),\n",
       "  array([[ 1.00000000e+00, -7.27731843e-08, -3.29523463e-07],\n",
       "         [ 7.27731604e-08,  1.00000000e+00, -7.27731843e-08],\n",
       "         [ 3.29523468e-07,  7.27731604e-08,  1.00000000e+00]])),\n",
       " (array([[ 1.00000000e+00,  3.23091720e-07,  1.68008602e-06],\n",
       "         [-3.23095085e-07,  1.00000000e+00,  2.00317882e-06],\n",
       "         [-1.68008537e-06, -2.00317937e-06,  1.00000000e+00]]),\n",
       "  array([[ 1.00000000e+00, -1.18438746e-06, -1.01537936e-05],\n",
       "         [ 1.18438746e-06,  1.00000000e+00, -6.01302826e-12],\n",
       "         [ 1.01537936e-05, -6.01302826e-12,  1.00000000e+00]])),\n",
       " (array([[ 1.00000000e+00,  1.96784150e-07,  1.12118377e-06],\n",
       "         [-1.96784150e-07,  1.00000000e+00, -1.10315688e-13],\n",
       "         [-1.12118377e-06, -1.10315570e-13,  1.00000000e+00]]),\n",
       "  array([[ 1.00000000e+00, -1.01402455e-06, -1.71172394e-06],\n",
       "         [ 1.01402162e-06,  1.00000000e+00, -1.71172568e-06],\n",
       "         [ 1.71172568e-06,  1.71172394e-06,  1.00000000e+00]])),\n",
       " (array([[ 1.00000000e+00,  7.86840429e-07,  4.45391050e-06],\n",
       "         [-7.86842181e-07,  1.00000000e+00,  3.93418900e-07],\n",
       "         [-4.45391019e-06, -3.93422405e-07,  1.00000000e+00]]),\n",
       "  array([[ 1.00000000e+00, -5.17003545e-07, -4.48265574e-06],\n",
       "         [ 5.17003545e-07,  1.00000000e+00, -1.15877576e-12],\n",
       "         [ 4.48265574e-06, -1.15877576e-12,  1.00000000e+00]])),\n",
       " (array([[ 1.00000000e+00,  7.89757396e-07,  4.49479209e-06],\n",
       "         [-7.89757396e-07,  1.00000000e+00, -1.77489967e-12],\n",
       "         [-4.49479209e-06, -1.77489967e-12,  1.00000000e+00]]),\n",
       "  array([[ 1.00000000e+00, -6.94433967e-07,  6.94435088e-07],\n",
       "         [ 6.94435088e-07,  1.00000000e+00, -1.61465490e-06],\n",
       "         [-6.94433967e-07,  1.61465539e-06,  1.00000000e+00]])),\n",
       " (array([[ 1.00000000e+00,  4.79215289e-07,  2.48226061e-06],\n",
       "         [-4.79227612e-07,  1.00000000e+00,  4.96451825e-06],\n",
       "         [-2.48225823e-06, -4.96451944e-06,  1.00000000e+00]]),\n",
       "  array([[ 1.00000000e+00, -8.62833737e-07,  1.72567224e-06],\n",
       "         [ 8.62837553e-07,  1.00000000e+00, -2.21131028e-06],\n",
       "         [-1.72567034e-06,  2.21131177e-06,  1.00000000e+00]])),\n",
       " (array([[ 1.00000000e+00,  9.42446570e-07,  5.16802786e-06],\n",
       "         [-9.42462360e-07,  1.00000000e+00,  3.05523801e-06],\n",
       "         [-5.16802499e-06, -3.05524288e-06,  1.00000000e+00]]),\n",
       "  array([[ 1.00000000e+00,  1.25584534e-13,  1.03388998e-06],\n",
       "         [ 1.25584520e-13,  1.00000000e+00, -2.42935896e-07],\n",
       "         [-1.03388998e-06,  2.42935896e-07,  1.00000000e+00]])),\n",
       " (array([[ 1.00000000e+00,  4.71532019e-07,  2.48163924e-06],\n",
       "         [-4.71544336e-07,  1.00000000e+00,  4.96327555e-06],\n",
       "         [-2.48163690e-06, -4.96327672e-06,  1.00000000e+00]]),\n",
       "  array([[ 1.00000000e+00,  9.95373397e-07,  1.69125719e-06],\n",
       "         [-9.95376257e-07,  1.00000000e+00,  1.69125550e-06],\n",
       "         [-1.69125550e-06, -1.69125719e-06,  1.00000000e+00]])),\n",
       " (array([[ 1.00000000e+00,  2.29111597e-06,  1.24191536e-05],\n",
       "         [-2.29122828e-06,  1.00000000e+00,  9.04313861e-06],\n",
       "         [-1.24191328e-05, -9.04316706e-06,  1.00000000e+00]]),\n",
       "  array([[ 1.00000000e+00,  7.81231409e-15,  2.56030402e-07],\n",
       "         [ 7.81230697e-15,  1.00000000e+00, -6.10264246e-08],\n",
       "         [-2.56030402e-07,  6.10264246e-08,  1.00000000e+00]])),\n",
       " (array([[ 1.00000000e+00,  2.29725129e-06,  1.24524113e-05],\n",
       "         [-2.29736420e-06,  1.00000000e+00,  9.06735555e-06],\n",
       "         [-1.24523905e-05, -9.06738416e-06,  1.00000000e+00]]),\n",
       "  array([[ 1.00000000e+00,  5.81032178e-07,  5.81032809e-07],\n",
       "         [-5.81032809e-07,  1.00000000e+00,  1.08565507e-06],\n",
       "         [-5.81032178e-07, -1.08565540e-06,  1.00000000e+00]])),\n",
       " (array([[ 1.00000000e+00,  2.60753053e-06,  1.41799768e-05],\n",
       "         [-2.60773161e-06,  1.00000000e+00,  1.41799398e-05],\n",
       "         [-1.41799398e-05, -1.41799768e-05,  1.00000000e+00]]),\n",
       "  array([[ 1.00000000e+00,  1.73276365e-06,  8.77181611e-07],\n",
       "         [-1.73276667e-06,  1.00000000e+00,  3.44393748e-06],\n",
       "         [-8.77175643e-07, -3.44393900e-06,  1.00000000e+00]])),\n",
       " (array([[ 1.00000000e+00,  3.81443300e-06,  2.04684606e-05],\n",
       "         [-3.81466200e-06,  1.00000000e+00,  1.11878175e-05],\n",
       "         [-2.04684180e-05, -1.11878956e-05,  1.00000000e+00]]),\n",
       "  array([[ 1.00000000e+00,  2.44000286e-06,  3.66002115e-06],\n",
       "         [-2.44001842e-06,  1.00000000e+00,  4.25334742e-06],\n",
       "         [-3.66001077e-06, -4.25335635e-06,  1.00000000e+00]])),\n",
       " (array([[ 1.00000000e+00,  5.75693629e-06,  3.07159310e-05],\n",
       "         [-5.75734905e-06,  1.00000000e+00,  1.34376970e-05],\n",
       "         [-3.07158536e-05, -1.34378739e-05,  9.99999999e-01]]),\n",
       "  array([[ 1.00000000e+00,  2.64374517e-06,  5.28751860e-06],\n",
       "         [-2.64376778e-06,  1.00000000e+00,  4.27623299e-06],\n",
       "         [-5.28750730e-06, -4.27624697e-06,  1.00000000e+00]])),\n",
       " (array([[ 1.00000000e+00,  3.58312454e-06,  1.89015289e-05],\n",
       "         [-3.58323079e-06,  1.00000000e+00,  5.62114027e-06],\n",
       "         [-1.89015088e-05, -5.62120800e-06,  1.00000000e+00]]),\n",
       "  array([[ 1.00000000e+00,  1.15477380e-05,  1.34633289e-05],\n",
       "         [-1.15480227e-05,  1.00000000e+00,  2.11523956e-05],\n",
       "         [-1.34630846e-05, -2.11525510e-05,  1.00000000e+00]])),\n",
       " (array([[ 1.00000000e+00,  5.48481670e-06,  2.86440707e-05],\n",
       "         [-5.48498080e-06,  1.00000000e+00,  5.72873245e-06],\n",
       "         [-2.86440393e-05, -5.72888956e-06,  1.00000000e+00]]),\n",
       "  array([[ 1.00000000e+00,  1.12526141e-05,  3.20155117e-06],\n",
       "         [-1.12526886e-05,  1.00000000e+00,  2.32817993e-05],\n",
       "         [-3.20128918e-06, -2.32818354e-05,  1.00000000e+00]])),\n",
       " (array([[ 9.99999998e-01,  1.11647977e-05,  5.59970956e-05],\n",
       "         [-1.11644391e-05,  1.00000000e+00, -6.40495731e-06],\n",
       "         [-5.59971671e-05,  6.40433211e-06,  9.99999998e-01]]),\n",
       "  array([[ 9.99999999e-01,  3.20023206e-05,  1.26342332e-06],\n",
       "         [-3.20024070e-05,  9.99999997e-01,  6.84228570e-05],\n",
       "         [-1.26123358e-06, -6.84228974e-05,  9.99999998e-01]])),\n",
       " (array([[ 9.99999997e-01,  1.41866565e-05,  7.28159342e-05],\n",
       "         [-1.41867856e-05,  1.00000000e+00,  1.77282361e-06],\n",
       "         [-7.28159090e-05, -1.77385665e-06,  9.99999997e-01]]),\n",
       "  array([[ 1.00000000e+00,  1.61410679e-05, -1.29123433e-05],\n",
       "         [-1.61405693e-05,  9.99999999e-01,  3.86125292e-05],\n",
       "         [ 1.29129665e-05, -3.86123208e-05,  9.99999999e-01]])),\n",
       " (array([[ 9.99999993e-01,  2.21997283e-05,  1.13826989e-04],\n",
       "         [-2.21999810e-05,  1.00000000e+00,  2.21872195e-06],\n",
       "         [-1.13826939e-04, -2.22124897e-06,  9.99999994e-01]]),\n",
       "  array([[ 9.99999999e-01,  1.59657247e-05, -3.02642103e-05],\n",
       "         [-1.59644011e-05,  9.99999999e-01,  4.37315144e-05],\n",
       "         [ 3.02649085e-05, -4.37310312e-05,  9.99999999e-01]])),\n",
       " (array([[ 9.99999997e-01,  1.48283920e-05,  7.36596393e-05],\n",
       "         [-1.48278503e-05,  1.00000000e+00, -7.35449271e-06],\n",
       "         [-7.36597484e-05,  7.35340045e-06,  9.99999997e-01]]),\n",
       "  array([[ 9.99999999e-01,  2.23044328e-05, -4.60307273e-05],\n",
       "         [-2.23015638e-05,  9.99999998e-01,  6.23260270e-05],\n",
       "         [ 4.60321174e-05, -6.23250003e-05,  9.99999997e-01]])),\n",
       " (array([[ 9.99999993e-01,  2.28322649e-05,  1.13411848e-04],\n",
       "         [-2.28309786e-05,  1.00000000e+00, -1.13424925e-05],\n",
       "         [-1.13412107e-04,  1.13399030e-05,  9.99999994e-01]]),\n",
       "  array([[ 9.99999999e-01,  1.50372871e-05, -4.70146281e-05],\n",
       "         [-1.50350543e-05,  9.99999999e-01,  4.74919568e-05],\n",
       "         [ 4.70153422e-05, -4.74912499e-05,  9.99999998e-01]])),\n",
       " (array([[ 9.99999990e-01,  2.66223519e-05,  1.38076148e-04],\n",
       "         [-2.66226861e-05,  1.00000000e+00,  2.41839097e-06],\n",
       "         [-1.38076083e-04, -2.42206703e-06,  9.99999990e-01]]),\n",
       "  array([[ 1.00000000e+00,  1.81557613e-05, -1.06755314e-05],\n",
       "         [-1.81553224e-05,  9.99999999e-01,  4.11055816e-05],\n",
       "         [ 1.06762777e-05, -4.11053878e-05,  9.99999999e-01]])),\n",
       " (array([[ 9.99999990e-01,  2.90202074e-05,  1.38407082e-04],\n",
       "         [-2.90167243e-05,  9.99999999e-01, -2.51669986e-05],\n",
       "         [-1.38407812e-04,  2.51629821e-05,  9.99999990e-01]]),\n",
       "  array([[ 9.99999998e-01,  5.21764545e-05,  4.34097402e-05],\n",
       "         [-5.21804036e-05,  9.99999995e-01,  9.09751592e-05],\n",
       "         [-4.34049931e-05, -9.09774242e-05,  9.99999995e-01]])),\n",
       " (array([[ 9.99999997e-01,  1.39506741e-05,  7.35004725e-05],\n",
       "         [-1.39508022e-05,  1.00000000e+00,  1.74332957e-06],\n",
       "         [-7.35004482e-05, -1.74435497e-06,  9.99999997e-01]]),\n",
       "  array([[ 9.99999987e-01,  6.45320181e-05,  1.48880180e-04],\n",
       "         [-6.45432024e-05,  9.99999995e-01,  7.51156826e-05],\n",
       "         [-1.48875332e-04, -7.51252912e-05,  9.99999986e-01]])),\n",
       " (array([[ 9.99999997e-01,  1.46793986e-05,  7.04906328e-05],\n",
       "         [-1.46786481e-05,  1.00000000e+00, -1.06467342e-05],\n",
       "         [-7.04907891e-05,  1.06456994e-05,  9.99999997e-01]]),\n",
       "  array([[ 9.99999955e-01,  1.18573647e-04,  2.73949716e-04],\n",
       "         [-1.18611423e-04,  9.99999983e-01,  1.37868625e-04],\n",
       "         [-2.73933363e-04, -1.37901115e-04,  9.99999953e-01]])),\n",
       " (array([[ 9.99999999e-01,  9.72389842e-06,  4.24513585e-05],\n",
       "         [-9.72329770e-06,  1.00000000e+00, -1.41506822e-05],\n",
       "         [-4.24514961e-05,  1.41502694e-05,  9.99999999e-01]]),\n",
       "  array([[ 9.99999933e-01,  1.26454982e-04,  3.43204511e-04],\n",
       "         [-1.26497418e-04,  9.99999984e-01,  1.23615813e-04],\n",
       "         [-3.43188873e-04, -1.23659223e-04,  9.99999933e-01]])),\n",
       " (array([[ 1.00000000e+00,  2.42835891e-06,  1.06016789e-05],\n",
       "         [-2.42832144e-06,  1.00000000e+00, -3.53390728e-06],\n",
       "         [-1.06016875e-05,  3.53388154e-06,  1.00000000e+00]]),\n",
       "  array([[ 9.99999961e-01,  8.17529086e-05,  2.67670244e-04],\n",
       "         [-8.17681724e-05,  9.99999995e-01,  5.70103268e-05],\n",
       "         [-2.67665581e-04, -5.70322130e-05,  9.99999963e-01]])),\n",
       " (array([[ 1.00000000e+00,  2.00318844e-06,  6.02712826e-06],\n",
       "         [-2.00314608e-06,  1.00000000e+00, -7.02872497e-06],\n",
       "         [-6.02714234e-06,  7.02871290e-06,  1.00000000e+00]]),\n",
       "  array([[ 9.99999992e-01,  3.46349824e-05,  1.21767708e-04],\n",
       "         [-3.46373796e-05,  9.99999999e-01,  1.96835181e-05],\n",
       "         [-1.21767026e-04, -1.96877358e-05,  9.99999992e-01]])),\n",
       " (array([[ 1.00000000e+00,  4.84548428e-07,  1.75221834e-06],\n",
       "         [-4.84546206e-07,  1.00000000e+00, -1.26767175e-06],\n",
       "         [-1.75221895e-06,  1.26767090e-06,  1.00000000e+00]]),\n",
       "  array([[ 9.99999999e-01,  8.79422881e-06,  4.38851775e-05],\n",
       "         [-8.79413139e-06,  1.00000000e+00, -2.22016631e-06],\n",
       "         [-4.38851970e-05,  2.21978037e-06,  9.99999999e-01]])),\n",
       " (array([[ 1.00000000e+00,  1.98964523e-06,  3.51268320e-06],\n",
       "         [-1.98960821e-06,  1.00000000e+00, -1.05380845e-05],\n",
       "         [-3.51270416e-06,  1.05380775e-05,  1.00000000e+00]]),\n",
       "  array([[ 1.00000000e+00,  1.52331302e-13,  7.33101881e-07],\n",
       "         [ 1.52331277e-13,  1.00000000e+00, -4.15580047e-07],\n",
       "         [-7.33101881e-07,  4.15580047e-07,  1.00000000e+00]])),\n",
       " (array([[ 1.00000000e+00,  1.14338795e-06,  2.27529722e-06],\n",
       "         [-1.14337500e-06,  1.00000000e+00, -5.69398373e-06],\n",
       "         [-2.27530373e-06,  5.69398113e-06,  1.00000000e+00]]),\n",
       "  array([[ 1.00000000e+00, -1.07507286e-05, -2.64938997e-05],\n",
       "         [ 1.07503908e-05,  1.00000000e+00, -1.27478416e-05],\n",
       "         [ 2.64940368e-05,  1.27475568e-05,  1.00000000e+00]])),\n",
       " (array([[ 1.00000000e+00,  1.93726310e-06,  6.69417189e-06],\n",
       "         [-1.93722477e-06,  1.00000000e+00, -5.72556196e-06],\n",
       "         [-6.69418298e-06,  5.72554899e-06,  1.00000000e+00]]),\n",
       "  array([[ 9.99999993e-01, -3.47601323e-05, -1.08693602e-04],\n",
       "         [ 3.47570337e-05,  9.99999999e-01, -2.85091252e-05],\n",
       "         [ 1.08694592e-04,  2.85053470e-05,  9.99999994e-01]])),\n",
       " (array([[ 1.00000000e+00,  4.40471478e-06,  1.42796920e-05],\n",
       "         [-4.40451087e-06,  1.00000000e+00, -1.42797549e-05],\n",
       "         [-1.42797549e-05,  1.42796920e-05,  1.00000000e+00]]),\n",
       "  array([[ 9.99999973e-01, -8.01085214e-05, -2.18507499e-04],\n",
       "         [ 8.00904810e-05,  9.99999993e-01, -8.25643209e-05],\n",
       "         [ 2.18514112e-04,  8.25468172e-05,  9.99999973e-01]])),\n",
       " (array([[ 1.00000000e+00,  1.95016735e-06,  6.74917160e-06],\n",
       "         [-1.95012838e-06,  1.00000000e+00, -5.77410988e-06],\n",
       "         [-6.74918286e-06,  5.77409672e-06,  1.00000000e+00]]),\n",
       "  array([[ 9.99999926e-01, -1.33390243e-04, -3.60650999e-04],\n",
       "         [ 1.33340104e-04,  9.99999981e-01, -1.39030126e-04],\n",
       "         [ 3.60669539e-04,  1.38982022e-04,  9.99999925e-01]])),\n",
       " (array([[ 1.00000000e+00,  1.28785679e-07,  1.28785579e-07],\n",
       "         [-1.28785579e-07,  1.00000000e+00, -7.76834920e-07],\n",
       "         [-1.28785679e-07,  7.76834903e-07,  1.00000000e+00]]),\n",
       "  array([[ 9.99999900e-01, -1.54385182e-04, -4.20305458e-04],\n",
       "         [ 1.54318100e-04,  9.99999975e-01, -1.59612123e-04],\n",
       "         [ 4.20330093e-04,  1.59547238e-04,  9.99999899e-01]])),\n",
       " (array([[ 1.00000000e+00, -1.10228180e-14,  1.33336923e-07],\n",
       "         [-1.10228148e-14,  1.00000000e+00,  1.65337785e-07],\n",
       "         [-1.33336923e-07, -1.65337785e-07,  1.00000000e+00]]),\n",
       "  array([[ 9.99999850e-01, -2.01313247e-04, -5.08748298e-04],\n",
       "         [ 2.01199268e-04,  9.99999955e-01, -2.24045997e-04],\n",
       "         [ 5.08793385e-04,  2.23943588e-04,  9.99999845e-01]])),\n",
       " (array([[ 1.00000000e+00, -1.55543291e-07, -6.59303310e-07],\n",
       "         [ 1.55543496e-07,  1.00000000e+00,  3.11086735e-07],\n",
       "         [ 6.59303262e-07, -3.11086838e-07,  1.00000000e+00]]),\n",
       "  array([[ 9.99999827e-01, -2.34646523e-04, -5.39813687e-04],\n",
       "         [ 2.34495228e-04,  9.99999933e-01, -2.80273643e-04],\n",
       "         [ 5.39879427e-04,  2.80146990e-04,  9.99999815e-01]])),\n",
       " (array([[ 1.00000000e+00, -1.23831714e-06, -2.01880969e-06],\n",
       "         [ 1.23833029e-06,  1.00000000e+00,  6.51425749e-06],\n",
       "         [ 2.01880162e-06, -6.51425999e-06,  1.00000000e+00]]),\n",
       "  array([[ 9.99999855e-01, -2.24826501e-04, -4.88884182e-04],\n",
       "         [ 2.24690857e-04,  9.99999936e-01, -2.77451682e-04],\n",
       "         [ 4.88946539e-04,  2.77341777e-04,  9.99999842e-01]])),\n",
       " (array([[ 1.00000000e+00, -2.29365975e-06, -9.51067710e-06],\n",
       "         [ 2.29370444e-06,  1.00000000e+00,  4.69933439e-06],\n",
       "         [ 9.51066632e-06, -4.69935621e-06,  1.00000000e+00]]),\n",
       "  array([[ 9.99999897e-01, -1.64587307e-04, -4.22234131e-04],\n",
       "         [ 1.64508939e-04,  9.99999969e-01, -1.85608949e-04],\n",
       "         [ 4.22264671e-04,  1.85539460e-04,  9.99999894e-01]])),\n",
       " (array([[ 1.00000000e+00, -4.93670988e-06, -1.97246587e-05],\n",
       "         [ 4.93692875e-06,  1.00000000e+00,  1.10964718e-05],\n",
       "         [ 1.97246039e-05, -1.10965692e-05,  1.00000000e+00]]),\n",
       "  array([[ 9.99999915e-01, -1.39866121e-04, -3.86567708e-04],\n",
       "         [ 1.39807730e-04,  9.99999979e-01, -1.51056522e-04],\n",
       "         [ 3.86588830e-04,  1.51002458e-04,  9.99999914e-01]])),\n",
       " (array([[ 1.00000000e+00, -3.15807621e-06, -1.71918155e-05],\n",
       "         [ 3.15808978e-06,  1.00000000e+00,  7.89493602e-07],\n",
       "         [ 1.71918130e-05, -7.89547895e-07,  1.00000000e+00]]),\n",
       "  array([[ 9.99999926e-01, -9.91756088e-05, -3.72547049e-04],\n",
       "         [ 9.91435583e-05,  9.99999991e-01, -8.60396819e-05],\n",
       "         [ 3.72555580e-04,  8.60027362e-05,  9.99999927e-01]])),\n",
       " (array([[ 9.99999999e-01, -6.56397464e-06, -4.17515051e-05],\n",
       "         [ 6.56368411e-06,  1.00000000e+00, -6.95872501e-06],\n",
       "         [ 4.17515507e-05,  6.95845096e-06,  9.99999999e-01]]),\n",
       "  array([[ 9.99999934e-01, -7.08790024e-05, -3.57263334e-04],\n",
       "         [ 7.08633934e-05,  9.99999997e-01, -4.36989368e-05],\n",
       "         [ 3.57266430e-04,  4.36736147e-05,  9.99999935e-01]])),\n",
       " (array([[ 9.99999999e-01, -4.84636423e-06, -4.93148560e-05],\n",
       "         [ 4.84474290e-06,  9.99999999e-01, -3.28767433e-05],\n",
       "         [ 4.93150154e-05,  3.28765043e-05,  9.99999998e-01]]),\n",
       "  array([[ 9.99999872e-01, -7.54362080e-05, -5.00465557e-04],\n",
       "         [ 7.54239234e-05,  9.99999997e-01, -2.45620773e-05],\n",
       "         [ 5.00467409e-04,  2.45243223e-05,  9.99999874e-01]])),\n",
       " (array([[ 9.99999999e-01, -3.63620576e-06, -3.51717528e-05],\n",
       "         [ 3.63543795e-06,  1.00000000e+00, -2.18303038e-05],\n",
       "         [ 3.51718322e-05,  2.18301759e-05,  9.99999999e-01]]),\n",
       "  array([[ 9.99999723e-01, -1.20860861e-04, -7.34513305e-04],\n",
       "         [ 1.20823496e-04,  9.99999991e-01, -5.09048090e-05],\n",
       "         [ 7.34519452e-04,  5.08160319e-05,  9.99999729e-01]])),\n",
       " (array([[ 1.00000000e+00, -1.58975692e-06, -2.44344927e-05],\n",
       "         [ 1.58916958e-06,  1.00000000e+00, -2.40371654e-05],\n",
       "         [ 2.44345309e-05,  2.40371265e-05,  9.99999999e-01]]),\n",
       "  array([[ 9.99999616e-01, -1.39443591e-04, -8.64978589e-04],\n",
       "         [ 1.39395224e-04,  9.99999989e-01, -5.59650532e-05],\n",
       "         [ 8.64986385e-04,  5.58444314e-05,  9.99999624e-01]])),\n",
       " (array([[ 1.00000000e+00, -4.75472566e-07, -1.49430586e-05],\n",
       "         [ 4.75179572e-07,  1.00000000e+00, -1.96072039e-05],\n",
       "         [ 1.49430679e-05,  1.96071968e-05,  1.00000000e+00]]),\n",
       "  array([[ 9.99999591e-01, -1.65488546e-04, -8.88919234e-04],\n",
       "         [ 1.65411844e-04,  9.99999983e-01, -8.63399271e-05],\n",
       "         [ 8.88933510e-04,  8.61928206e-05,  9.99999601e-01]])),\n",
       " (array([[ 1.00000000e+00, -2.47460877e-06, -1.73017871e-05],\n",
       "         [ 2.47455534e-06,  1.00000000e+00, -3.08817811e-06],\n",
       "         [ 1.73017947e-05,  3.08813530e-06,  1.00000000e+00]]),\n",
       "  array([[ 9.99999648e-01, -2.00738828e-04, -8.14109872e-04],\n",
       "         [ 2.00625555e-04,  9.99999970e-01, -1.39187533e-04],\n",
       "         [ 8.14137794e-04,  1.39024118e-04,  9.99999659e-01]])),\n",
       " (array([[ 1.00000000e+00, -2.13276249e-06, -1.08136029e-05],\n",
       "         [ 2.13280916e-06,  1.00000000e+00,  4.31544985e-06],\n",
       "         [ 1.08135937e-05, -4.31547291e-06,  1.00000000e+00]]),\n",
       "  array([[ 9.99999711e-01, -2.07042677e-04, -7.31633806e-04],\n",
       "         [ 2.06928685e-04,  9.99999966e-01, -1.55847173e-04],\n",
       "         [ 7.31666054e-04,  1.55695703e-04,  9.99999720e-01]])),\n",
       " (array([[ 1.00000000e+00, -3.98853573e-06, -1.44124250e-05],\n",
       "         [ 3.98880094e-06,  1.00000000e+00,  1.84010278e-05],\n",
       "         [ 1.44123516e-05, -1.84010853e-05,  1.00000000e+00]]),\n",
       "  array([[ 9.99999784e-01, -1.94460455e-04, -6.27526982e-04],\n",
       "         [ 1.94364996e-04,  9.99999970e-01, -1.52151521e-04],\n",
       "         [ 6.27556555e-04,  1.52029498e-04,  9.99999791e-01]])),\n",
       " (array([[ 1.00000000e+00, -5.22483392e-06, -1.74655353e-05],\n",
       "         [ 5.22530149e-06,  1.00000000e+00,  2.67706200e-05],\n",
       "         [ 1.74653954e-05, -2.67707112e-05,  9.99999999e-01]]),\n",
       "  array([[ 9.99999834e-01, -1.60613653e-04, -5.53252921e-04],\n",
       "         [ 1.60545702e-04,  9.99999980e-01, -1.22845088e-04],\n",
       "         [ 5.53272643e-04,  1.22756232e-04,  9.99999839e-01]])),\n",
       " (array([[ 1.00000000e+00, -3.70693566e-06, -1.04869448e-05],\n",
       "         [ 3.70717505e-06,  1.00000000e+00,  2.28273131e-05],\n",
       "         [ 1.04868601e-05, -2.28273520e-05,  1.00000000e+00]]),\n",
       "  array([[ 9.99999830e-01, -1.41095653e-04, -5.66265717e-04],\n",
       "         [ 1.41037611e-04,  9.99999985e-01, -1.02521614e-04],\n",
       "         [ 5.66280176e-04,  1.02441720e-04,  9.99999834e-01]])),\n",
       " (array([[ 1.00000000e+00, -2.72387329e-06, -8.39325001e-06],\n",
       "         [ 2.72400183e-06,  1.00000000e+00,  1.53137699e-05],\n",
       "         [ 8.39320830e-06, -1.53137927e-05,  1.00000000e+00]]),\n",
       "  array([[ 9.99999858e-01, -9.61794858e-05, -5.24414938e-04],\n",
       "         [ 9.61469057e-05,  9.99999993e-01, -6.21430590e-05],\n",
       "         [ 5.24420912e-04,  6.20926225e-05,  9.99999861e-01]])),\n",
       " (array([[ 1.00000000e+00, -3.62192204e-06, -5.75433239e-06],\n",
       "         [ 3.62210844e-06,  9.99999999e-01,  3.23933734e-05],\n",
       "         [ 5.75421506e-06, -3.23933943e-05,  9.99999999e-01]]),\n",
       "  array([[ 9.99999819e-01, -1.26889811e-04, -5.87861783e-04],\n",
       "         [ 1.26838682e-04,  9.99999988e-01, -8.69977736e-05],\n",
       "         [ 5.87872816e-04,  8.69231829e-05,  9.99999823e-01]])),\n",
       " (array([[ 1.00000000e+00, -6.66578246e-06, -6.89082749e-06],\n",
       "         [ 6.66625263e-06,  9.99999998e-01,  6.82322302e-05],\n",
       "         [ 6.89037265e-06, -6.82322761e-05,  9.99999998e-01]]),\n",
       "  array([[ 9.99999894e-01, -1.33154799e-04, -4.41434948e-04],\n",
       "         [ 1.33111489e-04,  9.99999986e-01, -9.81274950e-05],\n",
       "         [ 4.41448009e-04,  9.80687176e-05,  9.99999898e-01]])),\n",
       " (array([[ 1.00000000e+00, -3.55691790e-06,  1.18554368e-06],\n",
       "         [ 3.55686053e-06,  9.99999999e-01,  4.83874419e-05],\n",
       "         [-1.18571579e-06, -4.83874377e-05,  9.99999999e-01]]),\n",
       "  array([[ 9.99999846e-01, -1.00453109e-04, -5.46467132e-04],\n",
       "         [ 1.00415978e-04,  9.99999993e-01, -6.79638488e-05],\n",
       "         [ 5.46473956e-04,  6.79089566e-05,  9.99999848e-01]])),\n",
       " (array([[ 1.00000000e+00, -2.15262915e-06,  9.83031010e-06],\n",
       "         [ 2.15211281e-06,  9.99999999e-01,  5.25250974e-05],\n",
       "         [-9.83042315e-06, -5.25250762e-05,  9.99999999e-01]]),\n",
       "  array([[ 9.99999843e-01, -1.01258097e-04, -5.50845442e-04],\n",
       "         [ 1.01220369e-04,  9.99999993e-01, -6.85086021e-05],\n",
       "         [ 5.50852376e-04,  6.84528267e-05,  9.99999846e-01]])),\n",
       " (array([[ 1.00000000e+00, -3.89841973e-06,  2.59878995e-06],\n",
       "         [ 3.89827523e-06,  9.99999998e-01,  5.55978656e-05],\n",
       "         [-2.59900669e-06, -5.55978554e-05,  9.99999998e-01]]),\n",
       "  array([[ 9.99999898e-01, -9.06487174e-05, -4.41344134e-04],\n",
       "         [ 9.06213234e-05,  9.99999994e-01, -6.20821907e-05],\n",
       "         [ 4.41349760e-04,  6.20421847e-05,  9.99999901e-01]])),\n",
       " (array([[ 1.00000000e+00, -1.17036927e-06,  6.81203371e-06],\n",
       "         [ 1.17014522e-06,  9.99999999e-01,  3.28900115e-05],\n",
       "         [-6.81207220e-06, -3.28900036e-05,  9.99999999e-01]]),\n",
       "  array([[ 9.99999880e-01, -7.15084962e-05, -4.85118446e-04],\n",
       "         [ 7.14852739e-05,  9.99999996e-01, -4.78807440e-05],\n",
       "         [ 4.85121869e-04,  4.78460552e-05,  9.99999881e-01]])),\n",
       " (array([[ 1.00000000e+00, -5.67083754e-07,  6.31807672e-06],\n",
       "         [ 5.66931245e-07,  1.00000000e+00,  2.41383211e-05],\n",
       "         [-6.31809041e-06, -2.41383175e-05,  1.00000000e+00]]),\n",
       "  array([[ 9.99999887e-01, -9.42795907e-05, -4.64888775e-04],\n",
       "         [ 9.42499938e-05,  9.99999994e-01, -6.36783738e-05],\n",
       "         [ 4.64894776e-04,  6.36345456e-05,  9.99999890e-01]])),\n",
       " (array([[ 1.00000000e+00, -8.80606885e-07, -4.68513447e-12],\n",
       "         [ 8.80606885e-07,  1.00000000e+00,  1.06406665e-05],\n",
       "         [-4.68513475e-12, -1.06406665e-05,  1.00000000e+00]]),\n",
       "  array([[ 9.99999851e-01, -1.80258229e-04, -5.15257607e-04],\n",
       "         [ 1.80196110e-04,  9.99999976e-01, -1.20587203e-04],\n",
       "         [ 5.15279335e-04,  1.20494325e-04,  9.99999860e-01]])),\n",
       " (array([[ 1.00000000e+00, -1.13817296e-06, -2.64031989e-06],\n",
       "         [ 1.13818991e-06,  1.00000000e+00,  6.41881240e-06],\n",
       "         [ 2.64031258e-06, -6.41881540e-06,  1.00000000e+00]]),\n",
       "  array([[ 9.99999895e-01, -1.92068688e-04, -4.15175220e-04],\n",
       "         [ 1.92016127e-04,  9.99999974e-01, -1.26620932e-04],\n",
       "         [ 4.15199532e-04,  1.26541189e-04,  9.99999906e-01]])),\n",
       " (array([[ 1.00000000e+00, -2.87529183e-06, -4.72127382e-06],\n",
       "         [ 2.87539457e-06,  1.00000000e+00,  2.17603066e-05],\n",
       "         [ 4.72121125e-06, -2.17603201e-05,  1.00000000e+00]]),\n",
       "  array([[ 9.99999899e-01, -2.45591018e-04, -3.75326863e-04],\n",
       "         [ 2.45531781e-04,  9.99999957e-01, -1.57847496e-04],\n",
       "         [ 3.75365617e-04,  1.57755314e-04,  9.99999917e-01]])),\n",
       " (array([[ 1.00000000e+00, -3.22880410e-06, -8.64840413e-06],\n",
       "         [ 3.22893026e-06,  1.00000000e+00,  1.45869905e-05],\n",
       "         [ 8.64835703e-06, -1.45870184e-05,  1.00000000e+00]]),\n",
       "  array([[ 9.99999896e-01, -3.34838016e-04, -3.09017126e-04],\n",
       "         [ 3.34774101e-04,  9.99999923e-01, -2.06834454e-04],\n",
       "         [ 3.09086367e-04,  2.06730969e-04,  9.99999931e-01]])),\n",
       " (array([[ 1.00000000e+00, -7.37918733e-06, -1.48843496e-05],\n",
       "         [ 7.37990687e-06,  9.99999999e-01,  4.83422324e-05],\n",
       "         [ 1.48839929e-05, -4.83423423e-05,  9.99999999e-01]]),\n",
       "  array([[ 9.99999892e-01, -3.73571623e-04, -2.77269439e-04],\n",
       "         [ 3.73508782e-04,  9.99999905e-01, -2.26629361e-04],\n",
       "         [ 2.77354085e-04,  2.26525761e-04,  9.99999936e-01]])),\n",
       " (array([[ 1.00000000e+00, -5.80941154e-06, -1.27354275e-05],\n",
       "         [ 5.80985400e-06,  9.99999999e-01,  3.47430958e-05],\n",
       "         [ 1.27352256e-05, -3.47431698e-05,  9.99999999e-01]]),\n",
       "  array([[ 9.99999920e-01, -3.61055675e-04, -1.71761450e-04],\n",
       "         [ 3.61019415e-04,  9.99999913e-01, -2.11067068e-04],\n",
       "         [ 1.71837650e-04,  2.11005035e-04,  9.99999963e-01]])),\n",
       " (array([[ 1.00000000e+00, -9.35264097e-06, -1.68740311e-05],\n",
       "         [ 9.35379534e-06,  9.99999998e-01,  6.84111282e-05],\n",
       "         [ 1.68733912e-05, -6.84112861e-05,  9.99999998e-01]]),\n",
       "  array([[ 9.99999886e-01, -4.57872721e-04, -1.35501232e-04],\n",
       "         [ 4.57837605e-04,  9.99999862e-01, -2.59035441e-04],\n",
       "         [ 1.35619834e-04,  2.58973366e-04,  9.99999957e-01]])),\n",
       " (array([[ 9.99999999e-01, -1.26654321e-05, -3.41597720e-05],\n",
       "         [ 1.26671825e-05,  9.99999999e-01,  5.12389549e-05],\n",
       "         [ 3.41591230e-05, -5.12393876e-05,  9.99999998e-01]]),\n",
       "  array([[ 9.99999807e-01, -6.13647032e-04, -9.37470585e-05],\n",
       "         [ 6.13615523e-04,  9.99999755e-01, -3.35715684e-04],\n",
       "         [ 9.39530828e-05,  3.35658084e-04,  9.99999939e-01]])),\n",
       " (array([[ 1.00000000e+00, -7.33367406e-06, -2.00591165e-05],\n",
       "         [ 7.33424660e-06,  1.00000000e+00,  2.85423059e-05],\n",
       "         [ 2.00589072e-05, -2.85424530e-05,  9.99999999e-01]]),\n",
       "  array([[ 9.99999646e-01, -8.15726690e-04, -2.06046825e-04],\n",
       "         [ 8.15631950e-04,  9.99999562e-01, -4.59353760e-04],\n",
       "         [ 2.06421532e-04,  4.59185499e-04,  9.99999873e-01]])),\n",
       " (array([[ 1.00000000e+00, -8.56297674e-06, -2.60844296e-05],\n",
       "         [ 8.56354546e-06,  1.00000000e+00,  2.18025941e-05],\n",
       "         [ 2.60842429e-05, -2.18028174e-05,  9.99999999e-01]]),\n",
       "  array([[ 9.99999473e-01, -9.91888470e-04, -2.64974170e-04],\n",
       "         [ 9.91739551e-04,  9.99999350e-01, -5.61390670e-04],\n",
       "         [ 2.65530998e-04,  5.61127512e-04,  9.99999807e-01]])),\n",
       " (array([[ 1.00000000e+00, -7.11968798e-06, -2.29981566e-05],\n",
       "         [ 7.11996186e-06,  1.00000000e+00,  1.19086351e-05],\n",
       "         [ 2.29980718e-05, -1.19087988e-05,  1.00000000e+00]]),\n",
       "  array([[ 9.99999331e-01, -1.05805595e-03, -4.67938740e-04],\n",
       "         [ 1.05775535e-03,  9.99999234e-01, -6.41960214e-04],\n",
       "         [ 4.68617836e-04,  6.41464656e-04,  9.99999684e-01]])),\n",
       " (array([[ 1.00000000e+00, -7.31194687e-06, -2.30061782e-05],\n",
       "         [ 7.31230178e-06,  1.00000000e+00,  1.54264761e-05],\n",
       "         [ 2.30060654e-05, -1.54266444e-05,  1.00000000e+00]]),\n",
       "  array([[ 9.99999391e-01, -1.01283386e-03, -4.36848420e-04],\n",
       "         [ 1.01256654e-03,  9.99999300e-01, -6.11509162e-04],\n",
       "         [ 4.37467666e-04,  6.11066312e-04,  9.99999718e-01]])),\n",
       " (array([[ 1.00000000e+00, -7.89755320e-07, -2.26287252e-06],\n",
       "         [ 7.89761987e-07,  1.00000000e+00,  2.94622450e-06],\n",
       "         [ 2.26287019e-06, -2.94622629e-06,  1.00000000e+00]]),\n",
       "  array([[ 9.99999689e-01, -7.03795489e-04, -3.55207860e-04],\n",
       "         [ 7.03638861e-04,  9.99999655e-01, -4.40781912e-04],\n",
       "         [ 3.55518027e-04,  4.40531781e-04,  9.99999840e-01]])),\n",
